-0.01642368926143503500 -0.00297712973979498120 0.01811112450330500800 0.00153237971422488490 -0.00688678133061746380 0.00184878135147501450 -0.01765052394580000200 -0.00606075474354995840 0.02331058691472500200 
-0.01966740639935128700 -0.00380529686016777570 0.01847949981124318700 -0.00173572437221612960 -0.00765267121136793510 0.00227371003016408210 -0.01009937194336200600 -0.00499628691366190910 0.02732026639321502600 
-0.01385181976657836100 0.00623141926283782550 0.01309702352110394100 -0.00010405771516555922 -0.01085244088006337800 0.00065382280210153361 -0.03178462354279888700 -0.00975551702247706020 0.02470423920174500200 
-0.01871470145245240900 -0.00087204576708389435 0.01742569091459609700 0.00476611633939006110 -0.01147458963107600600 0.00068835884429346839 -0.00146585636869894050 0.00498390804303401520 0.03018944864666592300 
-0.01070893201567881000 -0.00741228516742792770 0.00672992912076313380 0.00247537114897592240 -0.00792164954734511650 0.01768093004448144000 -0.00516587716233684030 -0.04246764978828269200 0.01863064046317114800 
-0.01156872322301075900 -0.00855645506827700660 0.00655128961875796160 0.00141436654574875680 -0.00740127723980851200 0.01912992525532340700 -0.00635264513740617980 -0.04436738143307279700 0.01897004648546381200 
-0.01383698966523040500 -0.00003733972270816372 0.01823111821809838400 -0.00844179567126491360 -0.00124717313162601010 0.00397382345012002070 -0.00520948357993811060 0.00361799905748669490 0.01508408176137161600 
-0.01611389683275397600 -0.01057006291080641800 0.01505339425375997800 0.00778510399821719880 0.00026144981449438635 0.01434634158457001600 -0.00716169792798797800 -0.00930821254127601680 0.01585245792526198900 
-0.01349397537028216800 0.00732833463032119170 0.01852317840644848700 -0.00507211181431576570 -0.01241211344663508200 0.00999048837397616820 -0.00538267770920112120 0.00093144416720748226 0.02590604895393719100 
-0.01415214129761751700 0.00009062902315383589 0.01501527077690754400 -0.00223229988124752170 -0.00743942196905629170 0.01077421074224627400 -0.01486213783644492800 -0.00917028862222371220 0.02159151351280631100 
-0.01733118068687319200 -0.00926649815534249210 0.01546988331611731000 0.00371251260002786140 0.00070626934498163011 0.01046138140578221000 -0.00906583572435236750 -0.00748530431817760050 0.01662491940993857500 
-0.01145036839245399900 0.00406320786964892940 0.01254367406527436300 -0.00654166131986978760 -0.00501629716341557820 0.00854777329811345390 -0.00640616386641941660 0.00921590414778355490 0.01646671856172841900 
