 -6.0429044E-02  6.4374089E-02  0.1079787     -6.5072678E-02  5.5475309E-02
  0.1056944     -4.4824883E-02  7.9186827E-02  0.1192349     -3.4528576E-02
  4.7931619E-02  0.1415077     -2.5673229E-02  2.0399015E-02  0.1666499    
 -7.7077597E-03  2.3400590E-02  0.1531176     -1.5801044E-02  1.6652912E-02
  0.1391530     -8.3233714E-03  2.2101399E-02  0.1807548     -7.6827006E-03
  8.0062151E-03  0.1749915      3.3524684E-03  2.4411637E-02  0.1598451    
  6.9673723E-03  2.1014102E-02  0.1378380      2.5491097E-03  6.5497542E-03
  0.1211323     -2.0176000E-03  1.8290374E-02  0.1412823     -5.6455834E-03
  2.0457402E-02  0.1389721     -8.8199070E-03  2.0820593E-02  0.1276432    
 -1.6219366E-03  2.1544702E-02  0.1590117     -8.9138178E-03  6.5610320E-03
  0.1665198      4.6072230E-03  1.6444921E-04  0.1483284     -4.2597018E-03
  2.7329102E-03  0.1445880     -1.0744948E-04 -1.8339252E-02  0.1606003    
  3.3993018E-03  3.0637126E-02  0.1841668     -1.2350305E-02  2.3417018E-02
  0.1917295      1.0298863E-03 -1.9188888E-02  0.1824024      6.8555931E-03
  1.9828293E-02  0.2057847     -8.1346696E-03  2.9584222E-02  0.2339926    
  2.2330564E-03  5.7907877E-03  0.2049247      8.2389526E-03  1.1411946E-02
  0.2065237      6.0425275E-03 -1.0585189E-03  0.2218058      1.7702342E-03
  3.7418716E-03  0.2337011     -5.1344372E-04  2.8672937E-02  0.2368784    
  4.7529400E-03  6.4515974E-04  0.2157946      1.4032254E-02  1.4125244E-02
  0.2096209     -2.3743284E-03  1.2515540E-02  0.2241797     -1.2612095E-02
  2.1567028E-02  0.2107629     -1.0780280E-02  5.0761111E-02  0.1949026    
  2.2651376E-03  2.7282987E-02  0.2073634     -8.3012856E-04  2.0163158E-02
  0.2174064     -6.3103088E-04  4.2109121E-02  0.2191285      4.4723013E-03
  1.0019166E-02  0.1902602     -9.7749699E-03  7.2883219E-03  0.2032853    
  1.7609624E-03  1.7885007E-02  0.2045322      1.7230166E-02  2.4027066E-02
  0.1929293     -1.7863149E-03  2.5557980E-02  0.2031933      5.3951358E-03
 -3.0044559E-03  0.2094854      2.2939591E-02  1.7098224E-02  0.2116596    
  3.8665060E-03  1.6582524E-02  0.2007722      1.0228131E-02  2.5989730E-02
  0.2016980     -1.8541459E-03  3.0688243E-02  0.1891049      5.2717226E-03
  2.3340754E-02  0.2139312      1.0978342E-02  2.0248001E-02  0.2277021    
  1.3647964E-03  1.6705357E-02  0.1929825      1.0633172E-02  4.0832218E-02
  0.1847372      2.7890923E-03  1.1853757E-02  0.2073280      3.0827243E-04
  1.7414428E-04  0.2144794     -2.0571912E-03  5.8210470E-02  0.1709764    
  1.4873110E-02  2.0496039E-02  0.1739134     -7.1348213E-03  7.9253260E-03
  0.2086530     -1.4413795E-03  4.9287952E-02  0.1713485     -4.7677197E-05
  2.5137177E-02  0.1720434     -1.0247701E-02  2.5850873E-02  0.1763103    
  1.3561904E-02  4.7718260E-02  0.1683120      3.9070174E-03  4.5082301E-02
  0.1720195     -1.2244735E-02  2.2921843E-02  0.1612484     -3.8665181E-03
  5.3745940E-02  0.1674187     -8.3363522E-03  3.1958755E-02  0.1608154    
 -5.8167200E-03  3.5275813E-02  0.1575137     -5.1942687E-03  7.3187545E-02
  0.1537452     -2.2212559E-02  3.7285648E-02  0.1565433     -6.4532878E-03
  4.1180257E-02  0.1457989     -4.1371076E-03  3.4953743E-02  0.1237042    
 -6.5654032E-03  2.9689137E-02  0.1114642     -1.1579697E-02  3.6003478E-02
  0.1040567      1.4839894E-03 -7.0899893E-03  0.1147456     -4.9985619E-03
  1.0601126E-02  0.1031815     -8.6337011E-03  3.6055401E-02  9.3025647E-02
 -1.2644897E-02 -4.2025801E-03  0.1310279     -1.5863871E-02  1.9931197E-02
  0.1242851     -1.7302975E-02  2.2485837E-02  9.6188873E-02 -2.3584640E-02
 -4.7962866E-03  0.1081960     -3.0965399E-02  3.2853805E-02  9.5393240E-02
 -7.8601614E-03  2.0859212E-02  9.2265382E-02 -2.4041651E-02  1.6554886E-02
  8.5480958E-02 -2.6668843E-02  3.6052495E-02  7.9436466E-02 -1.9131184E-02
  1.6529374E-02  9.6784316E-02 -2.1871667E-02  2.1383727E-02  9.0820037E-02
 -3.1939633E-02  2.5698271E-02  9.5428139E-02 -2.7385024E-02  4.7860704E-02
  0.1136264     -2.9979134E-02  6.2979616E-02  0.1072894     -3.5825640E-02
  3.4860920E-02  9.9068455E-02 -3.7769109E-02  5.3054098E-02  8.8056736E-02
 -4.4179633E-02  5.6477487E-02  7.9035185E-02 -5.6219265E-02  5.9890032E-02
  9.4537549E-02 -6.0340270E-02  6.7922875E-02  0.1013418     -4.7661044E-02
  5.7830602E-02  0.1748277     -4.5922719E-02  2.7154962E-02  0.1219308    
 -2.1695457E-02  3.5134330E-02  0.1420857      4.8522372E-05  3.2861657E-02
  0.1805175     -5.5857915E-03  9.9336505E-03  0.1314165     -1.1749864E-02
  2.9924549E-02  0.1515458      4.6659084E-03  1.4316188E-02  0.1615388    
  1.5396229E-03 -5.1889941E-03  0.1455902      1.1904305E-04  2.2599729E-02
  0.1289092      6.5835100E-04 -1.1951737E-03  0.1342700     -5.2827573E-03
  1.4345061E-02  0.1473353     -5.0756847E-04  2.5665307E-02  0.1496482    
 -1.0971966E-02  1.5303904E-02  0.1411763     -6.1973091E-03  3.2149985E-02
  0.1390375     -8.6265281E-03 -7.7920151E-04  0.1677950     -5.6611747E-03
  1.4599958E-02  0.1700286     -9.5702857E-03  1.5143539E-02  0.1702316    
  5.8893012E-03 -2.2351362E-02  0.1717102      2.0223623E-03  2.2224111E-02
  0.1859303     -1.5657358E-03  5.7261484E-03  0.2037939     -1.2124919E-03
 -4.6100020E-03  0.1901302     -4.8436690E-03  4.5941986E-02  0.2004929    
 -8.2196482E-04  1.4350092E-02  0.2172239      1.9096762E-02 -7.5056525E-03
  0.2130753      2.0777658E-02  2.0655185E-02  0.2168316      1.2888833E-02
  2.3752576E-02  0.2131571      8.3671771E-03  1.9904733E-02  0.2281561    
  3.3057134E-03  1.1154876E-02  0.2478129      3.4650303E-03  1.4602418E-02
  0.2143153     -1.2403347E-02  3.4142341E-02  0.2005572     -1.0528999E-02
  2.6393568E-02  0.2304799     -2.0879382E-02  3.9096184E-02  0.2016962    
 -4.7458755E-03  2.7832918E-02  0.1834619      5.0969906E-03  1.7431585E-02
  0.2020336      4.7995700E-03  3.3246815E-02  0.2214828      1.3845766E-02
  2.9725242E-02  0.2267839      1.3657306E-02  2.2716589E-02  0.2028686    
 -1.1625571E-02  2.3562655E-02  0.2113947      3.0991668E-03  1.6623255E-02
  0.2068744      8.7755863E-03  3.0996945E-02  0.2044109      2.2160076E-02
  2.8883647E-02  0.2116150      2.3025351E-02  1.7518751E-02  0.2045161    
  4.6983138E-03  4.6747919E-02  0.2213308      5.5832090E-03  3.5100304E-02
  0.2127668      4.5758444E-03  2.5526093E-02  0.1939710      1.3277391E-02
  2.5090184E-02  0.1965736      1.0498920E-03  2.9159306E-02  0.2052078    
  7.9608662E-04  3.1171435E-02  0.1973101      6.9795055E-03  1.7498832E-02
  0.1891129      1.7740689E-02  3.3169307E-02  0.2081742      5.2473536E-03
  3.8093455E-02  0.1884568      3.6479607E-03  1.9584659E-02  0.1910314    
  1.2777373E-03  4.5232866E-02  0.1863300     -1.0434161E-03  2.8403755E-02
  0.1802264      1.1747244E-02  2.8293390E-02  0.2094332      2.4213700E-02
  5.3703874E-02  0.2015458      1.5994713E-02  1.6700188E-02  0.1844491    
 -3.7874663E-03  2.2613510E-02  0.1647863      6.9334782E-03  4.7048748E-02
  0.1509075     -7.6265084E-03  3.9118454E-02  0.1778810      1.2911933E-03
  3.5864364E-02  0.1711579     -5.2658245E-03  7.4753627E-02  0.1572230    
  8.2624881E-03  3.7253812E-02  0.1569611     -1.1945236E-03  3.7806019E-02
  0.1344985     -4.7808238E-03  7.4344769E-02  0.1343827     -8.0568939E-03
  2.0183926E-02  0.1222748      7.5203343E-03  2.8033320E-02  0.1280124    
 -9.2799775E-03  6.1783470E-02  0.1262959     -5.9196656E-03  4.7573101E-02
  0.1093117     -8.0129635E-03  2.6580382E-02  0.1201301     -1.6599812E-02
  1.9853041E-02  0.1201064     -1.1715392E-02  2.9086266E-02  0.1059518    
 -1.4543170E-02  2.3590460E-02  9.8804101E-02 -1.2872631E-02  1.1629419E-02
  0.1133622     -1.1626997E-02  3.0349454E-02  0.1152743     -2.3883861E-02
  1.6454780E-02  0.1053371     -1.6149331E-02  1.5225768E-02  9.8253421E-02
 -2.1060612E-02  5.3874921E-02  8.0830038E-02 -2.5382295E-02  2.9092258E-02
  8.3521217E-02 -3.2845519E-02  9.8450445E-03  8.9558512E-02 -2.6787974E-02
  4.8826233E-02  9.4533250E-02 -4.0020313E-02  3.0620828E-02  9.0456687E-02
 -3.4383841E-02  1.4672479E-02  7.8305267E-02 -3.8866460E-02  3.1141516E-02
  8.4849559E-02 -3.6900729E-02  3.6222138E-02  9.0722054E-02 -4.9039535E-02
  4.9625207E-02  9.7802565E-02 -5.0779842E-02  4.2485133E-02  0.1087885    
 -2.9633719E-02  5.1846370E-02  9.6784897E-02 -4.4610873E-02  5.3311318E-02
  8.0667883E-02 -6.0990579E-02  4.5539390E-02  9.8838553E-02 -5.2164301E-02
  5.1268149E-02  0.1240340     -5.0917327E-02  4.8904300E-02  0.1696871    
 -4.7164947E-02  2.0472033E-02  0.1306384     -3.7913341E-02  2.0033915E-02
  0.1349099     -2.7270256E-02  1.8016297E-02  0.1833757     -1.3503750E-02
  1.1392323E-02  0.1437102     -5.7681305E-03  3.6996264E-02  0.1140396    
 -1.1280047E-02  1.4132314E-02  0.1473569     -1.0765243E-02  1.3959399E-02
  0.1394921     -7.9120137E-04  4.5638613E-02  0.1411074      2.0508783E-02
  1.2520805E-02  0.1634189      1.1817507E-02  4.7435192E-04  0.1416825    
  5.1504248E-03  1.1263631E-02  0.1516598     -1.0556299E-03  3.0438334E-02
  0.1681985      8.8652382E-03  2.8758317E-02  0.1345549      1.2679365E-03
 -5.2113570E-03  0.1567923     -9.4324797E-03  5.0945226E-03  0.1868172    
  5.5304915E-03 -5.7283826E-03  0.1669644      1.4316846E-02 -1.4661596E-02
  0.1878446      7.6661273E-03  3.5192847E-02  0.1983288      6.7531206E-03
  9.4386674E-03  0.2093200     -2.2126595E-04  2.7436349E-03  0.2093942    
 -2.6065968E-03  1.7832587E-02  0.1837016      1.4574993E-03 -1.2265075E-02
  0.2126627      3.0321285E-02  2.5876714E-03  0.2348418      1.6406504E-02
  1.3432253E-02  0.2283974      1.4014704E-02  1.1234990E-02  0.2260006    
  4.0609860E-03  2.8815608E-02  0.2303425      1.4422417E-02  1.7459558E-02
  0.2425629     -1.1122646E-04  1.8153148E-02  0.2193995     -1.3243109E-02
  2.2386990E-02  0.2191030     -1.1234536E-02  1.3288520E-02  0.2333083    
  1.4509214E-03  1.8907450E-02  0.2131784      1.1473941E-02  7.6615931E-03
  0.2016240      6.8783471E-03  2.7764121E-02  0.2099597      6.3432897E-03
  3.7092239E-02  0.2254810      6.9006309E-03  1.5362022E-02  0.2045491    
  1.3926474E-02  2.1154368E-02  0.2118119      2.0793365E-02  1.9720875E-02
  0.2350834      6.5987776E-03  2.1351151E-02  0.2132012     -7.0311939E-03
  3.1854652E-02  0.2173215      1.4278226E-02  2.1366583E-02  0.2048397    
  1.5283631E-02  2.1446696E-02  0.1904709      7.0114573E-04  4.5417853E-02
  0.2077085      1.9476235E-02  5.0437979E-02  0.1984262      5.0418377E-03
  2.5988363E-02  0.2051303      1.1081846E-02  2.3833370E-02  0.2170602    
  7.4346294E-03  4.5436434E-02  0.1890935      5.5859094E-03  3.0912772E-02
  0.1801011      1.3385216E-02  6.8940772E-03  0.1979762      1.5639976E-02
  4.4937082E-02  0.2029812      2.7165422E-03  4.1000247E-02  0.1726333    
  2.7116379E-02  9.2220949E-03  0.1775985      2.5762875E-02  3.4222730E-02
  0.2089406      1.3642032E-02  1.6978312E-02  0.1961836      3.0747764E-02
  2.9564854E-02  0.1756832      3.7769496E-02  4.8589248E-02  0.1933275    
  3.2119438E-02  4.5699611E-02  0.1979813      1.6152095E-02  3.9741188E-02
  0.1677629      1.0034545E-02  3.4624208E-02  0.1656359      4.2726705E-03
  4.6775766E-02  0.1842353      1.8247403E-03  4.2090811E-02  0.1534058    
 -8.2598906E-03  5.5100542E-02  0.1355281     -1.3374491E-04  2.8594729E-02
  0.1460576      1.3518780E-03  3.5971448E-02  0.1386986      7.9321591E-03
  6.9532067E-02  0.1191638      2.4286231E-03  4.3607134E-02  0.1095811    
  3.7115859E-03  4.4798262E-02  0.1207035      2.8231209E-03  6.2457301E-02
  0.1067162     -3.3307998E-03  4.2012867E-02  0.1065487      8.6854501E-03
  3.2238424E-02  0.1164703     -1.5229340E-02  4.7028333E-02  9.9220991E-02
 -3.0104602E-02  3.2420322E-02  0.1033638     -1.4809065E-02  1.4728960E-03
  0.1232582     -1.3166614E-02  2.7127918E-02  8.5452385E-02 -3.1043882E-02
  3.6041796E-02  8.9688241E-02 -2.7298085E-02 -4.3637427E-03  0.1106172    
 -1.9416876E-02  3.0566370E-02  9.2244573E-02 -3.3079632E-02  5.0078440E-02
  9.6476726E-02 -2.6224900E-02  1.4938889E-02  9.0580471E-02 -3.5686515E-02
  1.7170856E-02  8.3385453E-02 -3.2836944E-02  4.2409226E-02  8.8290006E-02
 -4.6605382E-02  2.5094679E-02  7.7819690E-02 -2.7959686E-02  2.0046350E-02
  8.2803078E-02 -2.8408401E-02  5.7902336E-02  9.9117950E-02 -3.1277098E-02
  6.1796680E-02  8.3305523E-02 -4.0706113E-02  5.0065838E-02  7.9926796E-02
 -4.7412358E-02  2.3479886E-02  8.7422945E-02 -3.8851429E-02  6.9641307E-02
  8.1315279E-02 -5.6025937E-02  7.5986758E-02  7.8762650E-02 -5.3316973E-02
  4.5465827E-02  0.1202853     -4.4916160E-02  4.0351111E-02  0.1403596    
 -5.2291058E-02  3.8047012E-02  0.1311123     -3.7814982E-02  2.3779040E-02
  0.1413442     -2.8541133E-02  2.0854576E-02  0.1510590     -2.5387229E-02
  1.6652279E-02  0.1497090     -9.4989482E-03  6.8132933E-03  0.1540781    
  1.1267923E-02  2.9817861E-02  0.1292019     -1.0859678E-02  1.1602106E-02
  0.1503968     -9.1661476E-03 -4.5962632E-03  0.1537523      8.6728446E-03
  2.3970325E-02  0.1545300      1.7025085E-02  6.2963562E-03  0.1589507    
  4.6472182E-03  9.2589846E-03  0.1343843      3.2107336E-03  3.7594043E-02
  0.1439051     -5.4588681E-03  3.4332044E-02  0.1816303      6.8351361E-03
  1.0805405E-02  0.1621701     -1.0365932E-03  2.0040207E-02  0.1577185    
 -1.0152908E-02  1.6519412E-02  0.1941074      5.5103763E-03 -9.2515182E-03
  0.1750559      2.9808511E-03  9.1505237E-05  0.1899806      3.8008867E-03
  3.2617904E-02  0.2041876      3.8209995E-03  1.2922427E-02  0.2101611    
  9.2332708E-03  4.5137093E-03  0.2259284      3.1309940E-02  1.7938644E-02
  0.1996005      1.9836605E-02 -3.6529631E-03  0.2033521      1.2023252E-02
  1.7637748E-02  0.2510660      2.6427170E-02  2.3727048E-02  0.2375076    
  2.8022253E-03  1.6872765E-02  0.2307827     -3.5785586E-03  2.6133809E-02
  0.2584051      6.6431537E-03  2.2363290E-02  0.2383202      9.9193864E-03
  2.3284825E-02  0.2257463     -4.2455411E-04  1.8013077E-02  0.2384440    
  3.4409426E-03  1.5566623E-02  0.2414416      2.0329535E-02  2.7108897E-02
  0.2256711      1.0405582E-02  1.6450379E-02  0.2168438      6.2072780E-03
  7.5829672E-03  0.2399769      1.7804757E-02  2.6900453E-02  0.2221619    
  6.5116202E-03  1.7070243E-02  0.1960649      1.1862731E-02  9.7469147E-03
  0.2312390      2.0054670E-02  1.0469300E-02  0.2289231      4.6325605E-03
  2.8438333E-02  0.1967018     -1.0102764E-03  2.7181871E-02  0.2156178    
  1.7151333E-02  1.1106690E-02  0.2148498      1.1484802E-02  1.1159223E-02
  0.2149398      6.4631714E-03  2.5028115E-02  0.2215143      1.6956171E-02
  5.2674226E-02  0.1905521      7.5568603E-03  3.7539944E-02  0.1856044    
  6.3725431E-03  2.9103909E-02  0.1988174      1.9402768E-02  4.9117938E-02
  0.1781036      7.6412507E-03  3.6428090E-02  0.1804713      7.7704941E-03
  9.6520483E-03  0.1839910      1.8282685E-02  5.5352136E-02  0.1798528    
  1.3543425E-02  3.1867757E-02  0.1850676      1.6458109E-02 -1.1372515E-02
  0.1884520      9.4687771E-03  4.6324737E-02  0.2168227      2.0544294E-02
  5.6374609E-02  0.2006561      1.2338861E-02  3.4030885E-02  0.1717215    
  5.1236560E-04  2.8822243E-02  0.2014810      1.4083075E-02  5.6538224E-02
  0.1914391      1.2621759E-02  4.7368735E-02  0.1694652      1.5335600E-03
  2.5589898E-02  0.1690014     -4.3597636E-03  4.2872801E-02  0.1691663    
  3.5630390E-03  4.3694660E-02  0.1552607     -2.6249681E-03  5.0299659E-02
  0.1276476     -6.7247292E-03  4.6198253E-02  0.1565969     -2.0323284E-02
  3.9241660E-02  0.1631595     -1.0448228E-02  7.0759349E-02  0.1156787    
 -8.7658707E-03  6.7483656E-02  0.1092103     -2.1652941E-02  4.4047914E-02
  0.1217456     -9.9350559E-03  5.3465061E-02  9.8577321E-02 -2.2349511E-03
  3.7964806E-02  0.1011840     -8.8958116E-03  1.4446592E-02  0.1024895    
 -6.7012277E-03  5.2172150E-02  8.1531107E-02 -1.6081128E-02  4.5692824E-02
  0.1142116     -1.9288059E-02  3.8195960E-04  0.1122682     -2.1847654E-02
  3.7898902E-02  7.3248714E-02 -2.7115786E-02  4.1248195E-02  0.1083529    
 -1.5190186E-02  1.3876826E-02  0.1091216     -3.1049795E-02  3.5407018E-02
  7.0545718E-02 -2.3857350E-02  2.1341611E-02  0.1003959     -1.8605689E-02
  7.7526281E-03  0.1116922     -2.7844064E-02  4.1087683E-02  7.8059807E-02
 -3.5916176E-02  4.8173983E-02  8.8254452E-02 -3.3023216E-02  1.6101986E-02
  9.6849076E-02 -4.1735802E-02  3.3898577E-02  9.9492848E-02 -3.4997508E-02
  5.4255053E-02  0.1082193     -4.6482079E-02  4.6888921E-02  9.8802939E-02
 -4.7535188E-02  6.7768030E-02  0.1091023     -3.8015056E-02  1.9065689E-02
  9.3800038E-02 -5.0457850E-02  4.4583004E-02  7.5559676E-02 -4.8614316E-02
  7.7765346E-02  8.2040258E-02 -4.7528584E-02  5.8305487E-02  0.1260737    
 -2.5883479E-02  4.5731913E-02  0.1494055     -2.9462423E-02  2.1078728E-02
  0.1380007     -2.3612320E-02  1.8233337E-02  0.1664698     -1.1967647E-02
  9.2674419E-03  0.1467513     -6.1755134E-03  5.0414763E-03  0.1212325    
 -6.7059696E-04  9.1921259E-03  0.1628032     -4.9036779E-03  1.6812753E-02
  0.1611786     -1.5836321E-03  2.1920104E-02  0.1389429     -1.9771536E-03
  5.1156669E-03  0.1545922      1.1211798E-02  1.3373183E-02  0.1512804    
 -4.7255019E-03  2.2235170E-02  0.1363432     -2.7198404E-02  1.9217938E-02
  0.1723232     -6.4099552E-03  4.4400550E-02  0.1467655      3.4962315E-03
  2.4187785E-02  0.1405827      2.1293485E-03  1.9403305E-03  0.1878750    
  4.6910360E-03  3.4501113E-02  0.1759604      5.3697871E-03  1.4001764E-03
  0.1786135     -1.2369393E-03 -7.7501754E-03  0.2178687      4.6853023E-04
  2.0130835E-03  0.2205632     -2.6518898E-04  1.3812585E-02  0.1980979    
  1.0892017E-02  1.7330091E-02  0.1936533      3.3587078E-03 -7.6940982E-03
  0.2194255      1.9613292E-02  1.6166750E-02  0.2273660      2.6971582E-02
  2.7004655E-02  0.2103222     -6.6454522E-05  1.6457019E-02  0.2209631    
  1.3011277E-02  1.7296840E-02  0.2248484      8.2024895E-03  1.4187743E-02
  0.2491640     -6.1060851E-03  1.8917643E-02  0.2532898     -4.2409948E-03
  1.6917771E-02  0.2304917      2.4026508E-02  1.7059404E-02  0.2410707    
  1.7990245E-02  1.9800633E-02  0.2293080      2.2228628E-02  5.2175252E-03
  0.2109278      2.4790512E-03  9.2544332E-03  0.2230532      1.1487987E-02
  1.7711587E-02  0.2400047      1.1399699E-02  1.6396031E-02  0.2283957    
  2.1640556E-02  1.9784220E-02  0.2087919      1.9144641E-02  2.0309376E-02
  0.2056729      6.9772592E-04  8.2186591E-03  0.2345228      9.9438541E-03
  1.1630451E-02  0.2286806      1.4820287E-02  3.2651886E-02  0.1889001    
  1.1653068E-02  2.0752292E-02  0.2147348      2.7506225E-02  2.9238172E-02
  0.2309753      1.4823715E-02  4.3686390E-02  0.2120928      1.3889527E-02
  2.9031297E-02  0.2050183      1.0774096E-02  4.2469818E-02  0.2107574    
  2.4413239E-02  3.4228042E-02  0.1943984      1.8180799E-02  1.2643388E-02
  0.1810583      2.3807939E-02  3.0616609E-02  0.1854855      1.5682211E-02
  5.3646307E-02  0.1949987      1.9100990E-02  2.1270353E-02  0.2089300    
  2.8982896E-02  3.2241266E-02  0.1887395      3.9261054E-02  4.2821661E-02
  0.1924810      2.2040490E-02  1.6053954E-02  0.1950670      1.0846775E-02
  4.0848322E-02  0.1817457      2.2346510E-02  3.4859288E-02  0.1969895    
  1.1763227E-02  2.3509916E-02  0.1863717      7.2947629E-03  2.8526893E-02
  0.1761006      1.7801365E-03  6.6616282E-02  0.1719114     -8.0965813E-03
  4.8825972E-02  0.1793632     -7.0102289E-03  3.7752025E-02  0.1539531    
 -1.8298224E-02  5.6672510E-02  0.1405726     -1.2107675E-02  3.7445448E-02
  0.1618475     -8.1550898E-03  5.6968316E-02  0.1288504      2.8397166E-03
  5.5539533E-02  0.1462139     -2.6562180E-02  4.0880732E-02  0.1404404    
 -9.6073877E-03  5.9958205E-02  0.1181130     -7.9945438E-03  5.9778675E-02
  0.1125920     -2.5101501E-02  4.0962905E-02  9.9494427E-02 -2.6899392E-02
  4.2334899E-02  0.1061315     -1.7347885E-02  4.4573635E-02  0.1089276    
 -3.4556989E-02  4.5001209E-02  0.1067374     -1.9917138E-02  4.1998319E-02
  7.7280611E-02 -1.3267616E-02  2.8004825E-02  9.7341716E-02 -2.8839380E-02
  2.2077540E-02  0.1028311     -2.7847113E-02  4.4957124E-02  8.9470282E-02
 -2.9097121E-02  2.8366778E-02  0.1095541     -2.1509893E-02  1.5315711E-02
  0.1073062     -3.7007619E-02  4.4029124E-02  8.2460016E-02 -2.4005841E-02
  3.0611642E-02  8.0158979E-02 -3.2698806E-02  1.4835112E-02  0.1140776    
 -2.8960839E-02  4.2391837E-02  0.1124070     -4.1917380E-02  4.9777318E-02
  9.1560617E-02 -1.9712273E-02  2.5967333E-02  9.8745294E-02 -4.5595244E-02
  4.9317703E-02  0.1113236     -5.4491319E-02  4.4167057E-02  9.9866405E-02
 -5.9284575E-02  5.4041255E-02  0.1069265     -4.9238458E-02  9.2891470E-02
  0.1128827     -3.8248412E-02  2.0825522E-02  0.1033695     -5.8049880E-02
  2.0995840E-02  8.2749270E-02 -4.7330491E-02  8.0129981E-02  6.7743018E-02
 -4.8053160E-02  4.8427433E-02  0.1285509     -3.9259799E-02  4.3458432E-02
  0.1461730     -2.9620053E-02  4.0809575E-02  0.1532342     -1.4878749E-02
  1.7276486E-02  0.1781660     -1.2272816E-02 -1.9744774E-03  0.1566948    
 -2.2203319E-02  1.3905117E-02  0.1390098     -1.2193042E-02  1.0284416E-02
  0.1501620     -1.3815610E-02  3.4332089E-04  0.1639192     -5.8096778E-03
  2.8789304E-02  0.1488371     -2.5102962E-03  1.3639824E-02  0.1412397    
 -4.4673048E-03  6.9963075E-03  0.1614905     -6.9983359E-03  5.8501646E-02
  0.1538836     -1.6010283E-02  3.9949618E-02  0.1723701     -1.0917933E-02
  4.1533560E-03  0.1708973     -4.1471710E-03  1.0937408E-02  0.1326425    
  1.2427084E-02  7.1937591E-03  0.2038884      9.0839714E-04  2.0186946E-02
  0.1909329      1.6059993E-02 -3.3035129E-04  0.1507808      1.0676617E-03
  1.6332101E-02  0.2254549      1.7005894E-02  1.5937081E-02  0.2241673    
  1.1507617E-02 -1.9455992E-02  0.2073783      1.9645395E-02  6.4547732E-03
  0.2073610      4.1824086E-03 -2.7179969E-03  0.1958818      4.1124970E-03
  8.3662495E-03  0.2314699      1.1660705E-02  3.2689568E-02  0.2261811    
  8.3397925E-03 -5.2778884E-03  0.1957461     -1.8678638E-03  1.3580311E-02
  0.2407586      1.0224614E-02  2.7322030E-02  0.2658737      4.4376380E-03
  2.5245074E-02  0.2282368     -1.1002569E-02  1.9043557E-02  0.2300252    
  7.1870228E-03 -5.7487069E-03  0.2424674      1.7128050E-02  4.3134436E-02
  0.2169065      1.6087899E-02  4.6036642E-02  0.2099013     -6.8268226E-03
  5.2025728E-03  0.2270581      1.2910450E-02  2.0891717E-02  0.2222977    
  2.1726059E-02  2.5311280E-02  0.2105666      5.1543037E-03  2.1977779E-02
  0.2358783      2.2577386E-02  3.3073809E-02  0.2178200      1.6107682E-02
  1.8494725E-03  0.2023997      2.2909995E-02  6.7776889E-03  0.2245956    
  2.5878243E-02  4.2311937E-02  0.2231296      2.2586614E-02  1.2065656E-03
  0.2066773      2.1873672E-02 -4.0498376E-04  0.1996048      1.2910417E-02
  4.3069664E-02  0.2056262      1.8934373E-02  4.3966077E-02  0.1849888    
  2.4355981E-02  2.3123439E-02  0.2105113      2.2526244E-02  4.2244464E-02
  0.2167633      1.9913562E-02  2.6929244E-02  0.1840081      1.0911079E-02
  8.2582580E-03  0.2196236      2.0494889E-02  5.9691839E-02  0.2029702    
  2.3578312E-02  2.6810253E-02  0.1880397      3.4951620E-02  1.5646726E-02
  0.2048280      3.1849921E-02  4.9666502E-02  0.2112886      1.2476902E-02
  2.1731529E-02  0.1965760      2.4627935E-02  3.3889372E-02  0.1673251    
  1.3676940E-02  5.8743440E-02  0.1832601      6.0519702E-03  2.5811864E-02
  0.1987889      1.7879043E-02  2.8957076E-02  0.1852731      1.4315489E-02
  6.0977560E-02  0.1533059     -1.0155910E-02  2.5541561E-02  0.1503240    
 -1.2705769E-02  2.8956302E-02  0.1633829      3.4939121E-03  6.4568333E-02
  0.1285998     -1.2514888E-02  1.4129908E-02  0.1473281     -9.7371871E-03
  2.3182359E-02  0.1494501     -2.4177011E-02  6.7052513E-02  0.1079851    
 -2.9060725E-02  4.6301883E-02  0.1105864      2.8922232E-03  4.9464691E-02
  0.1174999     -4.6235370E-03  4.9756452E-02  0.1142856     -2.4315638E-02
  4.3799058E-02  8.9367941E-02 -3.0614913E-02  5.3620175E-02  8.6464472E-02
 -3.0203335E-02  5.0557747E-02  0.1081906     -1.7834492E-02  5.4979857E-02
  0.1168556     -1.6941849E-02  2.6835931E-02  8.6018547E-02 -1.3279185E-02
 -2.6070606E-03  7.6313853E-02 -1.2148021E-02  3.4709491E-02  0.1059914    
 -2.4411533E-02  4.7269203E-02  0.1085283     -3.2578114E-02  2.3187112E-02
  9.2125595E-02 -4.0014848E-02  2.1196399E-02  9.4804466E-02 -4.0712051E-02
  2.5100514E-02  0.1047168     -4.1144185E-02  1.9112455E-02  7.4741378E-02
 -4.8885446E-02  1.8282350E-02  8.6590499E-02 -4.1783888E-02  4.6452403E-02
  0.1279224     -4.2880312E-02  3.4955874E-02  8.7125249E-02 -3.7118144E-02
  4.4712186E-02  9.4290882E-02 -4.3337882E-02  7.0992976E-02  0.1288553    
 -4.3149315E-02  4.5593791E-02  0.1032901     -4.4893067E-02  4.9019303E-02
  0.1099878     -3.1679451E-02  7.8308925E-02  9.5934875E-02 -4.5141116E-02
  4.8066258E-02  9.0513304E-02 -6.2863864E-02  3.3731215E-02  9.2337742E-02
 -5.5720620E-02  6.1803833E-02  7.3595241E-02 -4.3174289E-02  3.1529244E-02
  0.1362408     -4.2247351E-02  3.2904495E-02  0.1625557     -2.6325699E-02
  3.2143138E-02  0.1636499     -6.8388251E-03  5.1773079E-03  0.1534729    
 -1.0211890E-02  4.1869436E-03  0.1973480     -3.5398295E-03  1.0590697E-02
  0.1794016     -1.8650857E-03  1.7537264E-02  0.1379799     -3.0289772E-03
  3.3505224E-03  0.1661022      6.6412389E-03  1.2202946E-02  0.1665938    
  7.5586401E-03  3.0551560E-02  0.1407050      5.8427360E-03  1.5021799E-02
  0.1754432      2.4437005E-02  3.7302390E-02  0.1753203      2.4822474E-02
  2.6015542E-02  0.1463348     -7.0059206E-04  1.1294962E-02  0.1929744    
  5.4783467E-04  1.3172214E-02  0.1833406      5.0371103E-03  6.0418425E-03
  0.1711137     -3.5939058E-03  1.0018942E-02  0.1934243      1.3107388E-02
 -5.3070420E-03  0.1830783      1.9214112E-02 -2.5971979E-03  0.2020839    
  1.4353947E-02  8.2688918E-03  0.2079053      1.6353732E-02  8.3584134E-03
  0.2099989      1.9491185E-02  2.4973731E-02  0.2258899      1.0068716E-02
  1.8063413E-02  0.1977146      1.1289641E-03  1.0266170E-02  0.2149689    
 -5.2885646E-03  4.0100075E-02  0.2311292      1.9361518E-02  1.3587963E-02
  0.2292292      6.5596472E-03 -2.7852827E-03  0.2504575      9.5134368E-03
  2.2930982E-02  0.2376449      1.8286571E-02  4.4085376E-02  0.2322858    
  4.1808188E-04  1.4854755E-02  0.2334789      3.3433698E-03 -1.2507141E-02
  0.2204044      9.3103684E-03  4.3510117E-02  0.2201234      8.4082903E-03
  3.4007180E-02  0.2386677      1.0844126E-02 -4.3874644E-03  0.2285360    
  5.5026035E-03  2.8996553E-02  0.2115320      1.7098613E-02  2.7871162E-02
  0.2294025      6.9597643E-04  1.9551791E-02  0.2414172      1.8561576E-02
  1.9415181E-02  0.2295078      2.9021153E-02 -5.5850120E-03  0.1935011    
  1.3836713E-02  6.3476861E-03  0.1994621      2.8741691E-02  5.7680927E-02
  0.2428123      3.3847984E-02  2.2447396E-02  0.2249673      2.9194411E-02
 -1.0620043E-02  0.1892970      2.3351632E-02  5.3363681E-02  0.2097507    
  1.6280420E-02  3.2219972E-02  0.2155513      3.3206616E-02 -6.7668222E-03
  0.1998908      3.1466618E-02  4.5222104E-02  0.2173425      1.7072584E-02
  4.9659967E-02  0.1992300      2.3157885E-03  2.2949576E-03  0.2125453    
  1.5552926E-02  3.1092729E-02  0.1991575      1.2943915E-02  2.6350150E-02
  0.1656461      2.3828946E-02  2.0885056E-02  0.2072625      8.5873045E-03
  5.6495614E-02  0.2066457      1.0975271E-02  1.9530496E-02  0.1772118    
  7.5155478E-03  2.7766159E-02  0.1801080      6.9491612E-04  4.4658378E-02
  0.1834364      7.8627113E-03  1.8726528E-02  0.1843495     -1.0336367E-03
  4.4659108E-02  0.2111574     -1.9894997E-03  7.2587296E-02  0.1835681    
  9.4108554E-03  3.6305092E-02  0.1257023     -6.7243893E-03  3.2076981E-02
  0.1489994     -5.6088734E-03  6.3152477E-02  0.1376323     -4.3826057E-03
  2.5506515E-02  0.1350116     -2.1043537E-02  5.1309083E-02  0.1419553    
 -4.0794358E-02  7.0856124E-02  0.1012797     -3.0438142E-02  2.6641937E-02
  0.1071217     -1.7881924E-02  4.5247868E-02  0.1179942     -1.4459320E-02
  4.6105780E-02  0.1006742     -1.9044744E-02  5.2506417E-02  0.1050000    
 -2.5692685E-02  3.7631560E-02  9.5672257E-02 -1.7070923E-02  1.2894527E-02
  9.9539623E-02 -5.6684497E-03  5.0954666E-02  0.1116208     -3.7995595E-03
  3.8845867E-02  9.6913859E-02 -1.1041531E-02  1.3013721E-02  9.1156147E-02
 -1.7547537E-02  5.2431732E-02  9.6727118E-02 -1.9917261E-02  5.2449699E-02
  0.1194112     -3.9805159E-02  2.8223859E-02  0.1066051     -1.9302867E-02
  4.1169234E-02  7.9792984E-02 -2.7520388E-02  1.9904770E-02  0.1083953    
 -2.7843008E-02  2.2875689E-02  0.1152066     -3.3983905E-02  3.9909638E-02
  7.7686325E-02 -3.2856248E-02  2.9601935E-02  0.1040275     -3.4361288E-02
  2.5821250E-02  0.1122207     -4.2023480E-02  6.1562799E-02  0.1103026    
 -4.0840834E-02  6.7919165E-02  0.1105432     -1.8647300E-02  4.1156754E-02
  0.1124766     -3.4371831E-02  6.2678963E-02  0.1207570     -5.1544964E-02
  6.7926086E-02  9.0362117E-02 -4.7344346E-02  3.6648206E-02  8.8029280E-02
 -4.5824919E-02  4.7164749E-02  0.1051936     -4.7621958E-02  5.1433813E-02
  9.0367295E-02 -3.6324278E-02  4.5253396E-02  0.1663354     -2.8188925E-02
  3.7975613E-02  0.1701575     -7.2743967E-03  2.7181409E-02  0.1781806    
  2.5770569E-03 -5.6476961E-04  0.1667012     -9.9907955E-04  1.3374563E-02
  0.1820424      2.7713154E-02  6.7209713E-03  0.1773891      1.7971976E-02
  1.2345277E-02  0.1698519      8.3445450E-03  2.1120433E-02  0.1716268    
  1.0531244E-02  1.1044331E-02  0.1586840      1.0565119E-02  2.3169935E-02
  0.1709734      1.7604873E-02  6.1282907E-03  0.1824507      2.7627340E-02
  1.6211199E-02  0.1710833      1.8779423E-02  2.3455817E-02  0.1568915    
  1.0286423E-02  2.9999427E-02  0.1961356      1.3124840E-02  1.8591546E-02
  0.2074552      6.3138790E-03 -4.4955532E-03  0.1581008      7.0946626E-03
 -9.3772579E-03  0.1783431      2.8199568E-02  8.7781837E-03  0.2220248    
  2.4167288E-02 -6.5991078E-03  0.1990852      1.8299376E-03 -3.1524366E-03
  0.1934774      1.4787763E-02  1.3921233E-02  0.2142748      1.1861838E-02
 -1.3961624E-03  0.2324246      2.7390742E-03  1.2986884E-02  0.2211447    
  3.1876697E-03  2.0970128E-02  0.2108778     -1.3831323E-03  2.7110314E-02
  0.2344490      1.8387096E-02  2.4744168E-02  0.2568900      6.5770079E-03
  2.2149574E-02  0.2434746      9.3946261E-03  3.6722377E-02  0.2140017    
  1.5590019E-02  3.3698466E-02  0.2464493      1.3734832E-02  1.4982340E-02
  0.2482012      1.5817385E-02  9.7208237E-03  0.2285659      1.7769627E-02
  2.8476378E-02  0.2431544      5.5714739E-03  3.4977999E-02  0.2345999    
  2.5285246E-02  1.4757780E-02  0.2007266      1.3096678E-02  2.3954971E-02
  0.2117905      1.7643526E-02  3.0769244E-02  0.2354688      2.8263394E-02
  2.3872670E-02  0.2181137      2.3376733E-02  6.1733294E-03  0.2359604    
  1.2945908E-02  3.0378662E-03  0.2154212      1.8297756E-02  1.5792364E-02
  0.1886359      2.9885931E-02  3.7025072E-02  0.2204962      2.5298826E-02
  3.1489663E-02  0.2251932      2.4538647E-02  1.0672511E-02  0.2157603    
  2.4162352E-02  5.9262402E-02  0.2133225      1.9291997E-02  4.7725327E-02
  0.2138808      2.4746804E-02 -5.2416082E-03  0.1880441      3.4946043E-02
  5.1061623E-02  0.1956538      1.8647043E-02  7.1303181E-02  0.2250008    
  1.4810637E-02  2.0254914E-02  0.1893034      8.2562696E-03  3.4089461E-02
  0.1817987      2.6676668E-02  2.9471397E-02  0.2021522      1.7913662E-02
  2.5732733E-02  0.2004400      5.7963375E-03  3.9014108E-02  0.1716431    
  2.0705879E-02  2.9805977E-02  0.1699273      9.3178824E-06  4.0620416E-02
  0.1893646      3.7498749E-03  3.6818270E-02  0.1837126      5.6640645E-03
  3.4319840E-02  0.1593749     -5.1569194E-04  4.3392044E-02  0.1626566    
 -1.5537167E-02  6.3797429E-02  0.1727886     -2.8759018E-03  5.1811218E-02
  0.1394831     -1.5332907E-02  3.2924965E-02  0.1332523     -3.8335938E-02
  6.3401885E-02  0.1265535     -3.1552140E-02  3.8770407E-02  0.1211501    
 -2.7413964E-02  4.8080049E-02  0.1292273     -1.6017608E-02  8.4769957E-02
  0.1059695     -2.3564439E-02  4.8133776E-02  0.1152423     -3.2544751E-02
  4.2987160E-02  0.1247588     -2.7094932E-02  4.2282708E-02  9.9253036E-02
 -2.4663495E-02  4.6328552E-02  0.1182200     -2.7694449E-02  4.9243353E-02
  0.1070041     -2.6361536E-02  3.4040309E-02  7.7927612E-02 -2.6725326E-02
  4.1173667E-02  9.6929282E-02 -2.3950791E-02  4.4220436E-02  9.5020168E-02
 -4.0998682E-02  4.2706758E-02  9.1441706E-02 -4.5480277E-02  3.6688380E-02
  0.1015856     -2.7361598E-02  3.6683649E-02  0.1069158     -2.6338574E-02
  3.0664688E-02  0.1215594     -1.9494271E-02  4.7349513E-02  8.3931446E-02
 -2.3127176E-02  2.9974416E-02  8.5574478E-02 -3.2460872E-02  2.8560933E-02
  0.1408731     -3.0209718E-02  6.7884594E-02  0.1095477     -3.1303480E-02
  3.9593600E-02  9.6084118E-02 -3.4813005E-02  3.2351755E-02  0.1