56.744000 72.478000 51.444000
-0.0163920480 ,0.0016218353 ,-0.0177314832 ,-0.0030071001 ,-0.0068268181 ,-0.0060578671 ,0.0181022786 ,0.0019035837 ,0.0232189811 ,
57.138000 72.536000 51.948000
-0.0196239697 ,-0.0016721410 ,-0.0101067639 ,-0.0038050724 ,-0.0076877787 ,-0.0050444301 ,0.0185109390 ,0.0022107337 ,0.0273119365 ,
55.144000 76.706000 51.110000
-0.0138528440 ,-0.0001794508 ,-0.0317561524 ,0.0063339476 ,-0.0109860996 ,-0.0098108014 ,0.0129984194 ,0.0005194692 ,0.0248389234 ,
56.802000 77.306000 53.728000
-0.0186421713 ,0.0045483843 ,-0.0015872354 ,-0.0009429701 ,-0.0114987221 ,0.0049063793 ,0.0174706600 ,0.0007346297 ,0.0301410464 ,
58.946000 77.052000 55.000000
-0.0116097408 ,0.0013457607 ,-0.0064971161 ,-0.0086087239 ,-0.0073807424 ,-0.0442521556 ,0.0066292207 ,0.0190113244 ,0.0189905292 ,
57.760000 78.030000 54.246000
-0.0175341356 ,0.0034110645 ,-0.0333498332 ,-0.0014641772 ,-0.0043522311 ,-0.0188944233 ,0.0142874715 ,0.0162717280 ,0.0218864394 ,
58.934000 76.920000 55.022000
-0.0107412078 ,0.0024462263 ,-0.0052739891 ,-0.0074338689 ,-0.0078857574 ,-0.0422680131 ,0.0068108846 ,0.0175164813 ,0.0186270242 ,
58.942000 77.048000 55.008000
-0.0115706510 ,0.0014392235 ,-0.0064754600 ,-0.0085450322 ,-0.0072814945 ,-0.0439864504 ,0.0066412538 ,0.0189073130 ,0.0188521919 ,
58.572000 79.998000 55.324000
-0.0139460471 ,-0.0083938904 ,-0.0049000078 ,-0.0001162196 ,-0.0016220306 ,0.0040664581 ,0.0184067634 ,0.0037613578 ,0.0155679950 ,
58.572000 80.000000 55.324000
-0.0139492430 ,-0.0083765660 ,-0.0048775430 ,-0.0001207025 ,-0.0015998964 ,0.0040482002 ,0.0184168660 ,0.0037770464 ,0.0155490566 ,
59.896000 79.172000 56.958000
-0.0160437775 ,0.0077989684 ,-0.0071337721 ,-0.0105534775 ,0.0002056770 ,-0.0092892460 ,0.0150370189 ,0.0144233014 ,0.0158381113 ,
59.996000 82.774000 56.802000
-0.0134892582 ,-0.0053582176 ,-0.0050981749 ,0.0074788521 ,-0.0124850933 ,0.0013139150 ,0.0184369240 ,0.0098652551 ,0.0259743136 ,
60.000000 82.770000 56.802000
-0.0135033699 ,-0.0054029410 ,-0.0050847739 ,0.0075398041 ,-0.0125398772 ,0.0013972904 ,0.0185059614 ,0.0098982998 ,0.0260432102 ,
60.146000 83.342000 56.912000
-0.0141189312 ,-0.0021785928 ,-0.0147227475 ,0.0001582588 ,-0.0075050237 ,-0.0091600549 ,0.0150506502 ,0.0107654206 ,0.0216239043 ,
60.076000 79.114000 57.030000
-0.0173118203 ,0.0038537102 ,-0.0089809245 ,-0.0093707883 ,0.0007167608 ,-0.0076439496 ,0.0154207485 ,0.0105832985 ,0.0165950674 ,
64.962000 82.110000 60.308000
-0.0116521114 ,0.0001946651 ,-0.0016710828 ,0.0025848803 ,-0.0030821638 ,0.0062245838 ,0.0151718812 ,0.0027410469 ,0.0147342894 ,
65.060000 82.588000 60.460000
-0.0114441720 ,-0.0065081925 ,-0.0063901990 ,0.0040537967 ,-0.0050087433 ,0.0092087862 ,0.0125616272 ,0.0085339610 ,0.0164529680 ,
