-0.959846 -0.141007 -0.242512
-0.860997 -0.437356 -0.259622
-0.677868 -0.690894 -0.251318
-0.428384 -0.876803 -0.218413
-0.136966 -0.976884 -0.164129
0.167858 -0.981341 -0.093778
0.456251 -0.889737 -0.014248
0.699984 -0.711040 0.066677
0.875197 -0.462741 0.141075
0.964739 -0.169146 0.201663
0.959846 0.141007 0.242512
0.860997 0.437356 0.259622
0.677868 0.690894 0.251318
0.428384 0.876803 0.218413
0.136966 0.976884 0.164129
-0.167858 0.981341 0.093778
-0.456251 0.889737 0.014248
-0.699984 0.711040 -0.066677
-0.875197 0.462741 -0.141075
-0.964739 0.169146 -0.201663
-0.959846 -0.141007 -0.242512
