0.592973 -0.160042 0.789157
0.582319 -0.451546 0.676026
0.514663 -0.698850 0.496720
0.396629 -0.877745 0.268792
0.239769 -0.970721 0.014553
0.059440 -0.968676 -0.241111
-0.126708 -0.871810 -0.473173
-0.300453 -0.689605 -0.658918
-0.444788 -0.439897 -0.780163
-0.545583 -0.147128 -0.825041
-0.592973 0.160042 -0.789157
-0.582319 0.451546 -0.676026
-0.514663 0.698850 -0.496720
-0.396629 0.877745 -0.268792
-0.239769 0.970721 -0.014553
-0.059440 0.968676 0.241111
0.126708 0.871810 0.473173
0.300453 0.689605 0.658918
0.444788 0.439897 0.780163
0.545583 0.147128 0.825041
0.592973 -0.160042 0.789157
