-0.304909 -0.918797 0.250682
-0.569923 -0.812468 0.122819
-0.779148 -0.626608 -0.017066
-0.912104 -0.379412 -0.155281
-0.955778 -0.095076 -0.278296
-0.905894 0.198567 -0.374070
-0.767334 0.472772 -0.433227
-0.553662 0.700700 -0.449976
-0.285794 0.860037 -0.422679
0.010050 0.935189 -0.354007
0.304909 0.918797 -0.250682
0.569923 0.812468 -0.122819
0.779148 0.626608 0.017066
0.912104 0.379412 0.155281
0.955778 0.095076 0.278296
0.905894 -0.198567 0.374070
0.767334 -0.472772 0.433227
0.553662 -0.700700 0.449976
0.285794 -0.860037 0.422679
-0.010050 -0.935189 0.354007
-0.304909 -0.918797 0.250682
