-0.365441 0.930463 -0.026285
-0.113044 0.982007 0.151271
0.150418 0.937425 0.314019
0.399157 0.801082 0.446029
0.608823 0.586323 0.534378
0.758893 0.314171 0.570419
0.834678 0.011265 0.550623
0.828759 -0.292743 0.476928
0.741715 -0.568096 0.356549
0.582066 -0.787839 0.201267
0.365441 -0.930463 0.026285
0.113044 -0.982007 -0.151271
-0.150418 -0.937425 -0.314019
-0.399157 -0.801082 -0.446029
-0.608823 -0.586323 -0.534378
-0.758893 -0.314171 -0.570419
-0.834678 -0.011265 -0.550623
-0.828759 0.292743 -0.476928
-0.741715 0.568096 -0.356549
-0.582066 0.787839 -0.201267
-0.365441 0.930463 -0.026285
